101
0.000000 0.000000 0.000000 0.000000 0.000000 0.000000 0.000000 0.000000 0.000000 0.000000
0.000000 0.000000 0.000000 0.000000 0.000000 0.000000 0.000000 0.000000 0.000000 0.000000
0.000000 0.000000 0.000000 0.000000 0.000000 0.000000 0.000000 0.000000 0.000000 0.000001
0.000004 0.000013 0.000040 0.000120 0.000335 0.000884 0.002187 0.005086 0.011109 0.022794
0.043937 0.079560 0.135335 0.216265 0.324652 0.457833 0.606531 0.754840 0.882497 0.969233
1.000000 0.969233 0.882497 0.754840 0.606531 0.457833 0.324652 0.216265 0.135335 0.079560
0.043937 0.022794 0.011109 0.005086 0.002187 0.000884 0.000335 0.000120 0.000040 0.000013
0.000004 0.000001 0.000000 0.000000 0.000000 0.000000 0.000000 0.000000 0.000000 0.000000
0.000000 0.000000 0.000000 0.000000 0.000000 0.000000 0.000000 0.000000 0.000000 0.000000
0.000000 0.000000 0.000000 0.000000 0.000000 0.000000 0.000000 0.000000 0.000000 0.000000
0.000000
4000 0.2
